Pedestrian 0.16 0 -1.55 958.37 120.24 1077.56 373.00 1.77 0.94 0.93 2.66 1.41 4.84 -1.08
Pedestrian 0.00 1 -2.48 1028.91 106.81 1115.80 337.89 1.97 1.04 0.92 4.39 1.33 6.74 -1.93
Pedestrian 0.00 0 1.76 507.36 161.55 538.31 258.39 1.77 0.66 0.90 -1.67 1.41 13.60 1.63
Pedestrian 0.00 1 1.66 475.73 164.19 511.90 256.29 1.67 0.73 0.77 -2.18 1.36 13.52 1.50
Pedestrian 0.00 0 -1.42 589.22 160.32 617.26 233.65 1.76 0.76 1.02 -0.14 1.26 17.81 -1.44
Pedestrian 0.00 0 -1.65 612.45 159.40 629.99 213.17 1.89 0.96 0.95 0.72 1.11 25.81 -1.63
Pedestrian 0.00 0 -1.57 641.98 161.40 666.23 232.21 1.68 0.64 0.91 1.31 1.21 17.58 -1.50
Pedestrian 0.00 2 -1.69 713.58 155.59 732.47 216.94 1.80 0.83 0.92 3.39 1.04 21.63 -1.55
Pedestrian 0.00 2 -2.68 478.22 162.86 497.09 233.94 1.81 0.73 0.84 -3.38 1.34 18.74 -2.86
Pedestrian 0.00 0 -1.60 678.48 162.70 696.44 225.37 1.67 0.71 0.95 2.18 1.17 19.74 -1.50
