Pedestrian 0.07 0 -1.34 852.64 136.08 959.31 373.00 1.77 0.94 0.93 2.27 1.45 5.65 -0.98
Pedestrian 0.00 0 -2.58 1007.57 115.40 1080.57 320.25 1.97 1.04 0.92 4.50 1.33 7.57 -2.07
Pedestrian 0.81 0 -2.93 1218.25 123.54 1237.00 321.17 1.85 0.54 0.55 6.22 1.31 6.78 -2.21
Pedestrian 0.00 0 1.74 513.72 162.17 537.38 247.10 1.77 0.66 0.90 -1.85 1.37 15.46 1.62
Pedestrian 0.00 1 1.56 483.25 164.22 510.91 244.73 1.67 0.73 0.77 -2.41 1.32 15.43 1.41
Pedestrian 0.00 0 -1.54 577.21 161.67 601.87 232.35 1.76 0.76 1.02 -0.46 1.27 18.49 -1.57
Pedestrian 0.00 0 -1.65 609.68 160.27 626.18 212.88 1.89 0.96 0.95 0.34 1.13 26.37 -1.64
Pedestrian 0.00 0 -1.56 629.62 162.20 647.96 230.16 1.68 0.64 0.91 0.98 1.21 18.30 -1.52
Pedestrian 0.00 2 -1.69 698.63 155.80 719.30 215.36 1.80 0.83 0.92 3.14 1.02 22.27 -1.56
Pedestrian 0.00 2 -2.66 464.39 162.89 505.43 230.99 1.81 0.73 0.84 -3.19 1.32 19.55 -2.82
Pedestrian 0.00 0 -1.55 660.01 162.33 677.01 223.21 1.67 0.71 0.95 1.72 1.15 20.30 -1.47
